 data.npoints =           21 ;
 data.xpoints = [
  -1.0000000000000000      ;
 -0.90000000000000002      ;
 -0.80000000000000004      ;
 -0.69999999999999996      ;
 -0.59999999999999998      ;
 -0.50000000000000000      ;
 -0.39999999999999991      ;
 -0.29999999999999993      ;
 -0.19999999999999996      ;
  -9.9999999999999978E-002 ;
   0.0000000000000000      ;
  0.10000000000000009      ;
  0.20000000000000018      ;
  0.30000000000000004      ;
  0.40000000000000013      ;
  0.50000000000000000      ;
  0.60000000000000009      ;
  0.70000000000000018      ;
  0.80000000000000004      ;
  0.90000000000000013      ;
   1.0000000000000000      ;
 ];
 data.ypoints = [
  -1.0000000000000000      ;
 -0.90000000000000002      ;
 -0.80000000000000004      ;
 -0.69999999999999996      ;
 -0.59999999999999998      ;
 -0.50000000000000000      ;
 -0.39999999999999991      ;
 -0.29999999999999993      ;
 -0.19999999999999996      ;
  -9.9999999999999978E-002 ;
   0.0000000000000000      ;
  0.10000000000000009      ;
  0.20000000000000018      ;
  0.30000000000000004      ;
  0.40000000000000013      ;
  0.50000000000000000      ;
  0.60000000000000009      ;
  0.70000000000000018      ;
  0.80000000000000004      ;
  0.90000000000000013      ;
   1.0000000000000000      ;
 ];
 data.phi_ana = [
   0.0000000000000000        0.0000000000000000        0.0000000000000000        0.0000000000000000        0.0000000000000000        0.0000000000000000        0.0000000000000000        0.0000000000000000        0.0000000000000000        0.0000000000000000        0.0000000000000000        0.0000000000000000        0.0000000000000000        0.0000000000000000        0.0000000000000000        0.0000000000000000        0.0000000000000000        0.0000000000000000        0.0000000000000000        0.0000000000000000        0.0000000000000000      ;
   0.0000000000000000        3.6099999999999938E-002   6.8399999999999878E-002   9.6899999999999861E-002  0.12159999999999983       0.14249999999999979       0.15959999999999980       0.17289999999999975       0.18239999999999973       0.18809999999999971       0.18999999999999972       0.18809999999999971       0.18239999999999973       0.17289999999999972       0.15959999999999974       0.14249999999999979       0.12159999999999981        9.6899999999999820E-002   6.8399999999999878E-002   3.6099999999999896E-002   0.0000000000000000      ;
   0.0000000000000000        6.8399999999999961E-002  0.12959999999999991       0.18359999999999993       0.23039999999999994       0.26999999999999991       0.30239999999999995       0.32759999999999989       0.34559999999999985       0.35639999999999988       0.35999999999999988       0.35639999999999988       0.34559999999999985       0.32759999999999984       0.30239999999999984       0.26999999999999991       0.23039999999999988       0.18359999999999985       0.12959999999999991        6.8399999999999878E-002   0.0000000000000000      ;
   0.0000000000000000        9.6899999999999931E-002  0.18359999999999985       0.26009999999999989       0.32639999999999986       0.38249999999999984       0.42839999999999984       0.46409999999999985       0.48959999999999976       0.50489999999999979       0.50999999999999979       0.50489999999999979       0.48959999999999976       0.46409999999999979       0.42839999999999973       0.38249999999999984       0.32639999999999980       0.26009999999999978       0.18359999999999985        9.6899999999999820E-002   0.0000000000000000      ;
   0.0000000000000000       0.12159999999999994       0.23039999999999988       0.32639999999999997       0.40959999999999996       0.47999999999999993       0.53759999999999997       0.58239999999999992       0.61439999999999984       0.63359999999999994       0.63999999999999990       0.63359999999999994       0.61439999999999984       0.58239999999999981       0.53759999999999986       0.47999999999999993       0.40959999999999985       0.32639999999999980       0.23039999999999988       0.12159999999999981        0.0000000000000000      ;
   0.0000000000000000       0.14249999999999996       0.26999999999999991       0.38250000000000001       0.47999999999999998       0.56250000000000000       0.63000000000000012       0.68250000000000000       0.71999999999999997       0.74249999999999994       0.75000000000000000       0.74249999999999994       0.71999999999999997       0.68249999999999988       0.62999999999999989       0.56250000000000000       0.47999999999999993       0.38249999999999984       0.26999999999999991       0.14249999999999979        0.0000000000000000      ;
   0.0000000000000000       0.15959999999999994       0.30239999999999984       0.42839999999999995       0.53759999999999997       0.62999999999999989       0.70559999999999989       0.76439999999999986       0.80639999999999978       0.83159999999999989       0.83999999999999986       0.83159999999999989       0.80639999999999978       0.76439999999999986       0.70559999999999978       0.62999999999999989       0.53759999999999986       0.42839999999999973       0.30239999999999984       0.15959999999999974        0.0000000000000000      ;
   0.0000000000000000       0.17289999999999994       0.32759999999999984       0.46409999999999996       0.58239999999999992       0.68249999999999988       0.76439999999999997       0.82809999999999995       0.87359999999999993       0.90089999999999992       0.90999999999999992       0.90089999999999992       0.87359999999999993       0.82809999999999984       0.76439999999999986       0.68249999999999988       0.58239999999999981       0.46409999999999979       0.32759999999999984       0.17289999999999972        0.0000000000000000      ;
   0.0000000000000000       0.18239999999999995       0.34559999999999985       0.48959999999999998       0.61439999999999995       0.71999999999999997       0.80640000000000001       0.87360000000000004       0.92159999999999997       0.95039999999999991       0.95999999999999996       0.95039999999999991       0.92159999999999997       0.87359999999999993       0.80639999999999978       0.71999999999999997       0.61439999999999984       0.48959999999999976       0.34559999999999985       0.18239999999999973        0.0000000000000000      ;
   0.0000000000000000       0.18809999999999993       0.35639999999999988       0.50490000000000002       0.63360000000000005       0.74249999999999994       0.83160000000000012       0.90090000000000003       0.95039999999999991       0.98009999999999997       0.98999999999999999       0.98009999999999997       0.95039999999999991       0.90089999999999992       0.83159999999999989       0.74249999999999994       0.63359999999999994       0.50489999999999979       0.35639999999999988       0.18809999999999971        0.0000000000000000      ;
   0.0000000000000000       0.18999999999999995       0.35999999999999988       0.51000000000000001       0.64000000000000001       0.75000000000000000       0.84000000000000008       0.91000000000000003       0.95999999999999996       0.98999999999999999        1.0000000000000000       0.98999999999999999       0.95999999999999996       0.90999999999999992       0.83999999999999986       0.75000000000000000       0.63999999999999990       0.50999999999999979       0.35999999999999988       0.18999999999999972        0.0000000000000000      ;
   0.0000000000000000       0.18809999999999993       0.35639999999999988       0.50490000000000002       0.63360000000000005       0.74249999999999994       0.83160000000000012       0.90090000000000003       0.95039999999999991       0.98009999999999997       0.98999999999999999       0.98009999999999997       0.95039999999999991       0.90089999999999992       0.83159999999999989       0.74249999999999994       0.63359999999999994       0.50489999999999979       0.35639999999999988       0.18809999999999971        0.0000000000000000      ;
